3.300000000000000000e+03 4.399393645449946669e-03 1.598085459473097395e-24
3.350000000000000000e+03 4.388651436197679896e-03 1.642857898137266307e-24
3.400000000000000000e+03 4.256600275863245582e-03 1.641345466702138454e-24
3.450000000000000000e+03 4.118911994014973037e-03 1.635309651744581784e-24
3.500000000000000000e+03 4.031666631846468098e-03 1.647403559435749816e-24
3.550000000000000000e+03 4.006489388518526609e-03 1.684224575082697079e-24
3.600000000000000000e+03 3.953809143299647291e-03 1.709228005234321890e-24
3.650000000000000000e+03 3.946707800228296641e-03 1.753880501841760103e-24
3.700000000000000000e+03 3.851387839319857058e-03 1.758733354135574887e-24
3.750000000000000000e+03 4.050961982873633668e-03 1.900203002577218743e-24
3.800000000000000000e+03 4.301832632654844536e-03 2.072048897758994428e-24
3.850000000000000000e+03 4.527925200930769771e-03 2.238721138568347366e-24
3.900000000000000000e+03 4.465719994727715067e-03 2.265687455012912795e-24
3.950000000000000000e+03 4.361405949521290210e-03 2.269864851883830504e-24
4.000000000000000000e+03 4.388344565012537377e-03 2.342070694793816507e-24
4.050000000000000000e+03 4.408701108744603712e-03 2.412126056092557956e-24
4.100000000000000000e+03 3.930546961227107498e-03 2.203941181810106770e-24
4.150000000000000000e+03 4.167969281594293557e-03 2.394418172863365720e-24
4.200000000000000000e+03 4.164109316631487562e-03 2.450191336880777948e-24
4.250000000000000000e+03 4.022007191787394312e-03 2.423259924092547170e-24
4.300000000000000000e+03 3.828986117595162709e-03 2.361565523917701630e-24
4.350000000000000000e+03 3.447007187849443662e-03 2.175704950925786808e-24
4.400000000000000000e+03 3.626731045464906805e-03 2.342070694793816507e-24
4.450000000000000000e+03 3.535905755237171624e-03 2.335608246625206859e-24
4.500000000000000000e+03 3.567760355622194568e-03 2.409905428686583108e-24
4.550000000000000000e+03 3.505886964426664990e-03 2.421029046736160374e-24
4.600000000000000000e+03 3.414326427284945353e-03 2.409905428686583108e-24
4.650000000000000000e+03 3.335145590835428622e-03 2.405470304988094427e-24
4.700000000000000000e+03 3.258554484984980872e-03 2.401043343569311148e-24
4.750000000000000000e+03 3.193254138343298593e-03 2.403255804933247457e-24
4.800000000000000000e+03 3.124195684605825338e-03 2.401043343569311148e-24
4.850000000000000000e+03 2.816678155913506475e-03 2.210039317349186152e-24
4.900000000000000000e+03 2.951403193561249940e-03 2.363741608116292119e-24
4.950000000000000000e+03 2.970368324911056967e-03 2.427727847680983846e-24
5.000000000000000000e+03 2.887225430161679488e-03 2.407686845612440070e-24
5.050000000000000000e+03 2.843399918864569428e-03 2.418800223147831187e-24
5.100000000000000000e+03 2.803369543397509281e-03 2.432204009073811077e-24
5.150000000000000000e+03 2.754268307471372836e-03 2.436688423459589168e-24
5.200000000000000000e+03 2.729065854471318490e-03 2.461500906233753787e-24
5.250000000000000000e+03 2.684739151254412863e-03 2.468311689697336388e-24
5.300000000000000000e+03 2.646482117214306751e-03 2.479704898798684019e-24
5.350000000000000000e+03 2.602035029483684529e-03 2.484276893696797837e-24
5.400000000000000000e+03 2.561139199490028266e-03 2.491150696563861923e-24
5.450000000000000000e+03 2.505115178574266518e-03 2.481989843507075348e-24
5.500000000000000000e+03 2.468853522549726599e-03 2.491150696563861923e-24
5.550000000000000000e+03 2.429040392146094175e-03 2.495743794831558490e-24
5.600000000000000000e+03 2.385858312470665044e-03 2.495743794831558857e-24
5.650000000000000000e+03 2.318055379636612800e-03 2.468311689697336388e-24
5.700000000000000000e+03 2.262929330973778661e-03 2.452449086072008083e-24
5.750000000000000000e+03 2.215567641117341825e-03 2.443430552693961289e-24
5.800000000000000000e+03 2.175528193244210054e-03 2.441181106054884205e-24
5.850000000000000000e+03 2.150349096377310396e-03 2.454708915685013833e-24
5.900000000000000000e+03 2.039466986482947174e-03 2.368099793873780810e-24
5.950000000000000000e+03 2.057722334683058721e-03 2.429964897703230119e-24
6.000000000000000000e+03 2.017986247268328034e-03 2.423259924092546803e-24
6.050000000000000000e+03 1.982941735702288804e-03 2.421029046736160006e-24
6.100000000000000000e+03 1.948772008353767422e-03 2.418800223147831187e-24
6.150000000000000000e+03 1.903138834643881968e-03 2.401043343569311148e-24
6.200000000000000000e+03 1.855399024524929811e-03 2.379030445880606862e-24
6.250000000000000000e+03 1.817442452466467781e-03 2.368099793873780810e-24
6.300000000000000000e+03 1.743169441830683727e-03 2.307809729698398120e-24
6.350000000000000000e+03 1.747725618860171762e-03 2.350715115938283100e-24
6.400000000000000000e+03 1.718940147072808757e-03 2.348551024058859190e-24
6.450000000000000000e+03 1.692393207718339860e-03 2.348551024058859190e-24
6.500000000000000000e+03 1.651178365440285779e-03 2.327019378848152240e-24
6.550000000000000000e+03 1.513345546158411173e-03 2.165708494710071522e-24
6.600000000000000000e+03 1.581003501735780623e-03 2.297206307158354492e-24
6.650000000000000000e+03 1.580437814494837535e-03 2.331309857418025761e-24
6.700000000000000000e+03 1.554071863217912049e-03 2.327019378848152240e-24
6.750000000000000000e+03 1.541037323241714304e-03 2.342070694793816507e-24
6.800000000000000000e+03 1.507311031157204748e-03 2.324877101501637920e-24
6.850000000000000000e+03 1.410715895758690198e-03 2.208004733018905948e-24
6.900000000000000000e+03 1.322886307891137179e-03 2.100873969240982443e-24
6.950000000000000000e+03 1.395889671258681870e-03 2.249054605835764149e-24
7.000000000000000000e+03 1.384919795353599468e-03 2.263601640449753892e-24
7.050000000000000000e+03 1.355321940580867359e-03 2.246984103640144365e-24
7.100000000000000000e+03 1.344943392018336332e-03 2.261517746108353501e-24
7.150000000000000000e+03 1.299596758153051274e-03 2.216154325959707137e-24
7.200000000000000000e+03 1.211590083387246129e-03 2.095077052365167840e-24
7.250000000000000000e+03 1.194936122193480553e-03 2.095077052365167840e-24
7.300000000000000000e+03 1.190624959785534839e-03 2.116410950770854817e-24
7.350000000000000000e+03 1.208498246960757524e-03 2.177709772353163706e-24
7.400000000000000000e+03 1.198829064492752498e-03 2.189777555098571793e-24
7.450000000000000000e+03 1.183881291048121927e-03 2.191795343844120147e-24
7.500000000000000000e+03 1.164925564779247056e-03 2.185747548686920162e-24
7.550000000000000000e+03 1.149547178085744614e-03 2.185747548686920897e-24
7.600000000000000000e+03 7.358571572593550865e-04 1.417751123121995202e-24
7.650000000000000000e+03 8.111437619538187883e-04 1.583434123914563533e-24
7.700000000000000000e+03 1.068167235762505947e-03 2.112515966240851405e-24
7.750000000000000000e+03 1.076012453846212670e-03 2.155757968038613980e-24
7.800000000000000000e+03 1.064220198827745770e-03 2.159732680689387688e-24
7.850000000000000000e+03 1.054584513449768716e-03 2.167704104819687196e-24
7.900000000000000000e+03 1.029832326764139024e-03 2.143877665973502786e-24
7.950000000000000000e+03 1.015983010448311954e-03 2.141903990722122756e-24
8.000000000000000000e+03 1.000554452530009195e-03 2.135993860189791532e-24
8.050000000000000000e+03 9.836236045496337538e-04 2.126179859862506618e-24
8.100000000000000000e+03 9.634976620583606162e-04 2.108628149933279915e-24
8.150000000000000000e+03 8.914674396708438487e-04 1.975149622060760098e-24
8.200000000000000000e+03 8.830656632266343543e-04 1.980614708971727492e-24
8.250000000000000000e+03 8.731981478031536651e-04 1.982439762872625159e-24
8.300000000000000000e+03 8.682894378854573393e-04 1.995262314968882900e-24
8.350000000000000000e+03 8.714605902788389452e-04 2.026749152098961543e-24
8.400000000000000000e+03 8.706871416084971524e-04 2.049273858380238565e-24
8.450000000000000000e+03 8.572495879336779027e-04 2.041737944669523352e-24
8.500000000000000000e+03 8.448563089293795311e-04 2.036104201131960290e-24
8.550000000000000000e+03 8.319332333630418677e-04 2.028616716966301268e-24
8.600000000000000000e+03 8.132494915708831122e-04 2.006319064790566398e-24
8.650000000000000000e+03 8.016568132974829456e-04 2.000783052152397401e-24
8.700000000000000000e+03 8.154215741595404257e-04 2.058732876733530787e-24
8.750000000000000000e+03 7.613854914619015051e-04 1.944464416448122463e-24
8.800000000000000000e+03 7.991997854474577282e-04 2.064429232073981363e-24
8.850000000000000000e+03 7.347408080162512413e-04 1.919552523761382990e-24
8.900000000000000000e+03 7.621504135847107083e-04 2.013724249862381228e-24
8.950000000000000000e+03 7.324443483912586143e-04 1.957041341480671905e-24
9.000000000000000000e+03 6.204912821105316913e-04 1.676486266073880799e-24
9.050000000000000000e+03 6.747199391714768643e-04 1.843316879505750925e-24
9.100000000000000000e+03 6.667114570455065373e-04 1.841619903524671319e-24
9.150000000000000000e+03 6.480052356000731966e-04 1.809672554788791018e-24
9.200000000000000000e+03 6.374484188753969192e-04 1.799699516577351433e-24
9.250000000000000000e+03 6.072076541964065892e-04 1.733005735327072417e-24
9.300000000000000000e+03 5.403246811055832958e-04 1.558834467704384197e-24
9.350000000000000000e+03 4.103906722740953937e-04 1.196740531307232033e-24
9.400000000000000000e+03 5.036919334215299695e-04 1.484567675052265348e-24
9.450000000000000000e+03 4.599992100868911327e-04 1.370250597124247971e-24
9.500000000000000000e+03 4.610770356642018473e-04 1.388033666567229737e-24
9.550000000000000000e+03 4.285622956837424179e-04 1.303767047138207505e-24
9.600000000000000000e+03 4.923548687090267741e-04 1.513561248436207107e-24
9.650000000000000000e+03 5.264608446805359903e-04 1.635309651744582151e-24
9.700000000000000000e+03 5.666008665600580883e-04 1.778279410038923285e-24
9.750000000000000000e+03 5.475344777847874480e-04 1.736200991901415783e-24
9.800000000000000000e+03 5.617829464141358992e-04 1.799699516577351433e-24
9.850000000000000000e+03 5.722005118160591831e-04 1.851825243638170647e-24
9.900000000000000000e+03 5.695742064180617801e-04 1.862087136662865476e-24
9.950000000000000000e+03 5.586946870672080193e-04 1.845015419179466340e-24
1.000000000000000000e+04 5.425261833752713370e-04 1.809672554788791018e-24
1.005000000000000000e+04 5.063940327712261255e-04 1.706082389003120885e-24
1.010000000000000000e+04 5.422230247659176041e-04 1.845015419179466340e-24
