3.320000000000000000e+03 2.220979426160007552e-04 8.165823713585905622e-26
3.400000000000000000e+03 2.258722452088548029e-04 8.709635899560761218e-26
3.480000000000000000e+03 2.236980586088113112e-04 9.036494737223004021e-26
3.560000000000000000e+03 2.238312432590527587e-04 9.462371613657909345e-26
3.640000000000000000e+03 2.200989322158948156e-04 9.727472237769640281e-26
3.720000000000000000e+03 2.068877722389442860e-04 9.549925860214290384e-26
3.800000000000000000e+03 1.758950062120441396e-04 8.472274141405911420e-26
3.880000000000000000e+03 1.656369602336978239e-04 8.317637711026675914e-26
3.960000000000000000e+03 1.050582908282602740e-04 5.495408738576226055e-26
4.040000000000000000e+03 1.819943781395956376e-04 9.908319448927645813e-26
4.120000000000000000e+03 1.918784806168943814e-04 1.086425623617059901e-25
4.200000000000000000e+03 1.846384399877217832e-04 1.086425623617059901e-25
4.280000000000000000e+03 1.761704910612189390e-04 1.076465213629834954e-25
4.360000000000000000e+03 1.729209944265901633e-04 1.096478196143182853e-25
4.440000000000000000e+03 1.652170116763763377e-04 1.086425623617059901e-25
4.520000000000000000e+03 1.608954761361357916e-04 1.096478196143182853e-25
4.600000000000000000e+03 1.567851910585661278e-04 1.106623783977667560e-25
4.680000000000000000e+03 1.528723693759570360e-04 1.116863247780556609e-25
4.760000000000000000e+03 1.477769835737218884e-04 1.116863247780556609e-25
4.840000000000000000e+03 1.442547025639484700e-04 1.127197456175509347e-25
4.920000000000000000e+03 1.396016326418646431e-04 1.127197456175509347e-25
5.000000000000000000e+03 1.364208321219502549e-04 1.137627285823433280e-25
5.080000000000000000e+03 1.273776635118307077e-04 1.096478196143182624e-25
5.160000000000000000e+03 1.234585863098562521e-04 1.096478196143182853e-25
5.240000000000000000e+03 1.230716799859431644e-04 1.127197456175509576e-25
5.320000000000000000e+03 1.205028832554396595e-04 1.137627285823433280e-25
5.400000000000000000e+03 1.148241352201632564e-04 1.116863247780556609e-25
5.480000000000000000e+03 1.114960767428992442e-04 1.116863247780556609e-25
5.560000000000000000e+03 1.043929378479320719e-04 1.076465213629834954e-25
5.640000000000000000e+03 1.014524396237561309e-04 1.076465213629834954e-25
5.720000000000000000e+03 9.594639140732738581e-05 1.047128548050898513e-25
5.800000000000000000e+03 9.505275650323543213e-05 1.066596121230254665e-25
5.880000000000000000e+03 8.913864965968868825e-05 1.028016298126466210e-25
6.040000000000000000e+03 8.604919774959155214e-05 1.047128548050898513e-25
6.200000000000000000e+03 8.091654371043880941e-05 1.037528415818008302e-25
6.360000000000000000e+03 7.619149086255341981e-05 1.028016298126466210e-25
6.520000000000000000e+03 6.923497049531484356e-05 9.817479430199782323e-26
6.680000000000000000e+03 6.595804550503856075e-05 9.817479430199782323e-26
6.840000000000000000e+03 6.290837970965494175e-05 9.817479430199782323e-26
7.000000000000000000e+03 5.896911675183038915e-05 9.638290236239664844e-26
7.160000000000000000e+03 5.584633257684308631e-05 9.549925860214290384e-26
7.320000000000000000e+03 5.245640706346135562e-05 9.375620069258754168e-26
7.480000000000000000e+03 4.931936850870230601e-05 9.204495717531684538e-26
7.640000000000000000e+03 4.556527395739188240e-05 8.871560120379617572e-26
7.800000000000000000e+03 4.452782657751722301e-05 9.036494737223004021e-26
7.960000000000000000e+03 4.159054079412082217e-05 8.790225168308822678e-26
8.120000000000000000e+03 4.071070698614158098e-05 8.953647655495901091e-26
8.280000000000000000e+03 3.915254788190875317e-05 8.953647655495901091e-26
8.440000000000000000e+03 3.665521824833171364e-05 8.709635899560761218e-26
8.600000000000000000e+03 3.279622071016848701e-05 8.090958991783780602e-26
8.760000000000000000e+03 3.279536664572474034e-05 8.394599865193964997e-26
8.920000000000000000e+03 3.192206622018739119e-05 8.472274141405912568e-26
9.080000000000000000e+03 3.024468083678827070e-05 8.317637711026674766e-26
9.240000000000000000e+03 2.763610031802758116e-05 7.870457896950936469e-26
9.400000000000000000e+03 2.796179167397406953e-05 8.241381150130030074e-26
9.560000000000000000e+03 2.703366441755602464e-05 8.241381150130030074e-26
9.720000000000000000e+03 2.429339284136729801e-05 7.655966069112506544e-26
9.880000000000000000e+03 2.266244764286826964e-05 7.379042301290984680e-26
1.004000000000000000e+04 2.214895686263575205e-05 7.447319739059827475e-26
1.020000000000000000e+04 2.267881505682845498e-05 7.870457896950937617e-26
1.036000000000000000e+04 2.198372041368300622e-05 7.870457896950936469e-26
1.052000000000000000e+04 2.093096364111069846e-05 7.726805850956989299e-26
